06 16 2014 21:30:28.766,06 16 2014 21:30:28.771,06 16 2014 21:41:00.392,06 16 2014 21:41:00.392
06 16 2014 21:30:36.767,06 16 2014 21:30:36.773,06 16 2014 21:41:08.392,06 16 2014 21:41:08.392
06 16 2014 21:31:13.148,06 16 2014 21:31:13.154,06 16 2014 21:41:44.775,06 16 2014 21:41:44.775
06 16 2014 21:31:15.515,06 16 2014 21:31:15.521,06 16 2014 21:41:47.142,06 16 2014 21:41:47.142
06 16 2014 21:31:24.862,06 16 2014 21:31:24.868,06 16 2014 21:41:56.492,06 16 2014 21:41:56.492
06 16 2014 21:31:33.727,06 16 2014 21:31:33.733,06 16 2014 21:42:05.359,06 16 2014 21:42:05.359
06 16 2014 21:31:35.131,06 16 2014 21:31:35.137,06 16 2014 21:42:06.759,06 16 2014 21:42:06.759
06 16 2014 21:31:51.980,06 16 2014 21:31:51.985,06 16 2014 21:42:23.609,06 16 2014 21:42:23.609
06 16 2014 21:31:58.096,06 16 2014 21:31:58.102,06 16 2014 21:42:29.725,06 16 2014 21:42:29.725
06 16 2014 21:32:01.930,06 16 2014 21:32:01.935,06 16 2014 21:42:33.559,06 16 2014 21:42:33.559
06 16 2014 21:32:08.730,06 16 2014 21:32:08.735,06 16 2014 21:42:40.359,06 16 2014 21:42:40.359
06 16 2014 21:32:08.763,06 16 2014 21:32:08.768,06 16 2014 21:42:40.392,06 16 2014 21:42:40.392
06 16 2014 21:32:12.697,06 16 2014 21:32:12.701,06 16 2014 21:42:44.325,06 16 2014 21:42:44.325
06 16 2014 21:32:13.147,06 16 2014 21:32:13.151,06 16 2014 21:42:44.775,06 16 2014 21:42:44.775
06 16 2014 21:32:24.346,06 16 2014 21:32:24.351,06 16 2014 21:42:55.975,06 16 2014 21:42:55.975
06 16 2014 21:32:25.146,06 16 2014 21:32:25.150,06 16 2014 21:42:56.775,06 16 2014 21:42:56.775
06 16 2014 21:32:26.760,06 16 2014 21:32:26.764,06 16 2014 21:42:58.392,06 16 2014 21:42:58.392
06 16 2014 21:32:30.296,06 16 2014 21:32:30.301,06 16 2014 21:43:01.926,06 16 2014 21:43:01.926
06 16 2014 21:32:32.696,06 16 2014 21:32:32.701,06 16 2014 21:43:04.326,06 16 2014 21:43:04.326
06 16 2014 21:32:33.896,06 16 2014 21:32:33.900,06 16 2014 21:43:05.526,06 16 2014 21:43:05.526
06 16 2014 21:32:33.962,06 16 2014 21:32:33.966,06 16 2014 21:43:05.593,06 16 2014 21:43:05.593
06 16 2014 21:32:39.895,06 16 2014 21:32:39.900,06 16 2014 21:43:11.526,06 16 2014 21:43:11.526
06 16 2014 21:32:48.777,06 16 2014 21:32:48.783,06 16 2014 21:43:20.409,06 16 2014 21:43:20.409
06 16 2014 21:32:52.409,06 16 2014 21:32:52.414,06 16 2014 21:43:24.042,06 16 2014 21:43:24.042
06 16 2014 21:32:55.911,06 16 2014 21:32:55.916,06 16 2014 21:43:27.542,06 16 2014 21:43:27.542
06 16 2014 21:33:06.424,06 16 2014 21:33:06.429,06 16 2014 21:43:38.059,06 16 2014 21:43:38.059
06 16 2014 21:33:07.440,06 16 2014 21:33:07.446,06 16 2014 21:43:39.076,06 16 2014 21:43:39.076
