06 16 2014 21:12:20.780,06 16 2014 21:12:20.784,06 16 2014 21:22:52.349,06 16 2014 21:22:52.351
06 16 2014 21:12:20.810,06 16 2014 21:12:20.816,06 16 2014 21:22:52.384,06 16 2014 21:22:52.384
06 16 2014 21:12:20.841,06 16 2014 21:12:20.846,06 16 2014 21:22:52.411,06 16 2014 21:22:52.411
06 16 2014 21:12:20.888,06 16 2014 21:12:20.894,06 16 2014 21:22:52.458,06 16 2014 21:22:52.459
06 16 2014 21:12:20.919,06 16 2014 21:12:20.924,06 16 2014 21:22:52.489,06 16 2014 21:22:52.490
06 16 2014 21:12:20.952,06 16 2014 21:12:20.958,06 16 2014 21:22:52.523,06 16 2014 21:22:52.523
06 16 2014 21:12:20.984,06 16 2014 21:12:20.988,06 16 2014 21:22:52.557,06 16 2014 21:22:52.557
06 16 2014 21:12:21.015,06 16 2014 21:12:21.020,06 16 2014 21:22:52.584,06 16 2014 21:22:52.585
06 16 2014 21:12:21.047,06 16 2014 21:12:21.052,06 16 2014 21:22:52.619,06 16 2014 21:22:52.619
06 16 2014 21:12:21.082,06 16 2014 21:12:21.088,06 16 2014 21:22:52.652,06 16 2014 21:22:52.653
06 16 2014 21:12:21.111,06 16 2014 21:12:21.116,06 16 2014 21:22:52.681,06 16 2014 21:22:52.681
06 16 2014 21:12:21.144,06 16 2014 21:12:21.148,06 16 2014 21:22:52.713,06 16 2014 21:22:52.713
06 16 2014 21:12:21.177,06 16 2014 21:12:21.183,06 16 2014 21:22:52.748,06 16 2014 21:22:52.748
06 16 2014 21:12:21.207,06 16 2014 21:12:21.212,06 16 2014 21:22:52.776,06 16 2014 21:22:52.777
06 16 2014 21:12:21.255,06 16 2014 21:12:21.260,06 16 2014 21:22:52.825,06 16 2014 21:22:52.825
06 16 2014 21:12:21.287,06 16 2014 21:12:21.292,06 16 2014 21:22:52.856,06 16 2014 21:22:52.856
06 16 2014 21:12:21.320,06 16 2014 21:12:21.327,06 16 2014 21:22:52.891,06 16 2014 21:22:52.891
06 16 2014 21:12:21.351,06 16 2014 21:12:21.358,06 16 2014 21:22:52.922,06 16 2014 21:22:52.923
06 16 2014 21:12:21.386,06 16 2014 21:12:21.392,06 16 2014 21:22:52.957,06 16 2014 21:22:52.957
06 16 2014 21:12:21.415,06 16 2014 21:12:21.420,06 16 2014 21:22:52.985,06 16 2014 21:22:52.985
06 16 2014 21:12:21.447,06 16 2014 21:12:21.452,06 16 2014 21:22:53.017,06 16 2014 21:22:53.017
06 16 2014 21:12:21.480,06 16 2014 21:12:21.486,06 16 2014 21:22:53.053,06 16 2014 21:22:53.053
06 16 2014 21:12:21.511,06 16 2014 21:12:21.516,06 16 2014 21:22:53.081,06 16 2014 21:22:53.081
06 16 2014 21:12:21.544,06 16 2014 21:12:21.549,06 16 2014 21:22:53.115,06 16 2014 21:22:53.115
06 16 2014 21:12:21.575,06 16 2014 21:12:21.582,06 16 2014 21:22:53.146,06 16 2014 21:22:53.147
06 16 2014 21:12:21.611,06 16 2014 21:12:21.617,06 16 2014 21:22:53.182,06 16 2014 21:22:53.182
06 16 2014 21:12:21.655,06 16 2014 21:12:21.660,06 16 2014 21:22:53.225,06 16 2014 21:22:53.225
06 16 2014 21:12:21.687,06 16 2014 21:12:21.692,06 16 2014 21:22:53.258,06 16 2014 21:22:53.259
06 16 2014 21:12:21.721,06 16 2014 21:12:21.729,06 16 2014 21:22:53.294,06 16 2014 21:22:53.294
06 16 2014 21:12:21.751,06 16 2014 21:12:21.756,06 16 2014 21:22:53.320,06 16 2014 21:22:53.321
06 16 2014 21:12:21.785,06 16 2014 21:12:21.791,06 16 2014 21:22:53.356,06 16 2014 21:22:53.356
06 16 2014 21:12:21.815,06 16 2014 21:12:21.821,06 16 2014 21:22:53.386,06 16 2014 21:22:53.386
06 16 2014 21:12:21.847,06 16 2014 21:12:21.852,06 16 2014 21:22:53.417,06 16 2014 21:22:53.418
06 16 2014 21:12:21.880,06 16 2014 21:12:21.885,06 16 2014 21:22:53.449,06 16 2014 21:22:53.450
06 16 2014 21:12:21.911,06 16 2014 21:12:21.916,06 16 2014 21:22:53.483,06 16 2014 21:22:53.484
06 16 2014 21:12:21.944,06 16 2014 21:12:21.949,06 16 2014 21:22:53.514,06 16 2014 21:22:53.514
06 16 2014 21:12:21.975,06 16 2014 21:12:21.981,06 16 2014 21:22:53.546,06 16 2014 21:22:53.547
06 16 2014 21:12:22.007,06 16 2014 21:12:22.012,06 16 2014 21:22:53.577,06 16 2014 21:22:53.577
06 16 2014 21:12:22.055,06 16 2014 21:12:22.061,06 16 2014 21:22:53.627,06 16 2014 21:22:53.627
06 16 2014 21:12:22.089,06 16 2014 21:12:22.095,06 16 2014 21:22:53.659,06 16 2014 21:22:53.660
06 16 2014 21:12:22.120,06 16 2014 21:12:22.125,06 16 2014 21:22:53.692,06 16 2014 21:22:53.693
06 16 2014 21:12:22.151,06 16 2014 21:12:22.157,06 16 2014 21:22:53.722,06 16 2014 21:22:53.722
06 16 2014 21:12:22.183,06 16 2014 21:12:22.188,06 16 2014 21:22:53.752,06 16 2014 21:22:53.753
06 16 2014 21:12:22.220,06 16 2014 21:12:22.225,06 16 2014 21:22:53.790,06 16 2014 21:22:53.790
06 16 2014 21:12:22.248,06 16 2014 21:12:22.253,06 16 2014 21:22:53.819,06 16 2014 21:22:53.819
06 16 2014 21:12:22.280,06 16 2014 21:12:22.285,06 16 2014 21:22:53.851,06 16 2014 21:22:53.851
06 16 2014 21:12:22.311,06 16 2014 21:12:22.316,06 16 2014 21:22:53.881,06 16 2014 21:22:53.881
06 16 2014 21:12:22.345,06 16 2014 21:12:22.349,06 16 2014 21:22:53.917,06 16 2014 21:22:53.917
06 16 2014 21:12:22.375,06 16 2014 21:12:22.381,06 16 2014 21:22:53.946,06 16 2014 21:22:53.946
06 16 2014 21:12:22.426,06 16 2014 21:12:22.432,06 16 2014 21:22:53.997,06 16 2014 21:22:53.997
06 16 2014 21:12:22.456,06 16 2014 21:12:22.461,06 16 2014 21:22:54.026,06 16 2014 21:22:54.026
06 16 2014 21:12:22.487,06 16 2014 21:12:22.492,06 16 2014 21:22:54.057,06 16 2014 21:22:54.057
06 16 2014 21:12:22.520,06 16 2014 21:12:22.525,06 16 2014 21:22:54.089,06 16 2014 21:22:54.090
06 16 2014 21:12:22.552,06 16 2014 21:12:22.556,06 16 2014 21:22:54.121,06 16 2014 21:22:54.122
06 16 2014 21:12:22.587,06 16 2014 21:12:22.594,06 16 2014 21:22:54.159,06 16 2014 21:22:54.159
06 16 2014 21:12:22.618,06 16 2014 21:12:22.624,06 16 2014 21:22:54.189,06 16 2014 21:22:54.189
06 16 2014 21:12:22.648,06 16 2014 21:12:22.652,06 16 2014 21:22:54.217,06 16 2014 21:22:54.217
06 16 2014 21:12:22.683,06 16 2014 21:12:22.689,06 16 2014 21:22:54.254,06 16 2014 21:22:54.254
06 16 2014 21:12:22.712,06 16 2014 21:12:22.717,06 16 2014 21:22:54.282,06 16 2014 21:22:54.282
06 16 2014 21:12:22.744,06 16 2014 21:12:22.748,06 16 2014 21:22:54.313,06 16 2014 21:22:54.313
06 16 2014 21:12:22.776,06 16 2014 21:12:22.781,06 16 2014 21:22:54.349,06 16 2014 21:22:54.349
06 16 2014 21:12:22.824,06 16 2014 21:12:22.828,06 16 2014 21:22:54.393,06 16 2014 21:22:54.393
06 16 2014 21:12:22.857,06 16 2014 21:12:22.863,06 16 2014 21:22:54.428,06 16 2014 21:22:54.428
06 16 2014 21:12:22.888,06 16 2014 21:12:22.895,06 16 2014 21:22:54.459,06 16 2014 21:22:54.460
06 16 2014 21:12:22.920,06 16 2014 21:12:22.925,06 16 2014 21:22:54.489,06 16 2014 21:22:54.490
06 16 2014 21:12:22.952,06 16 2014 21:12:22.958,06 16 2014 21:22:54.522,06 16 2014 21:22:54.523
06 16 2014 21:12:22.987,06 16 2014 21:12:22.992,06 16 2014 21:22:54.560,06 16 2014 21:22:54.560
06 16 2014 21:12:23.015,06 16 2014 21:12:23.021,06 16 2014 21:22:54.586,06 16 2014 21:22:54.586
06 16 2014 21:12:23.050,06 16 2014 21:12:23.054,06 16 2014 21:22:54.634,06 16 2014 21:22:54.635
06 16 2014 21:12:23.080,06 16 2014 21:12:23.085,06 16 2014 21:22:54.650,06 16 2014 21:22:54.651
06 16 2014 21:12:23.114,06 16 2014 21:12:23.119,06 16 2014 21:22:54.839,06 16 2014 21:22:54.839
06 16 2014 21:12:23.145,06 16 2014 21:12:23.149,06 16 2014 21:22:54.840,06 16 2014 21:22:54.841
06 16 2014 21:12:23.176,06 16 2014 21:12:23.181,06 16 2014 21:22:54.842,06 16 2014 21:22:54.842
06 16 2014 21:12:23.226,06 16 2014 21:12:23.232,06 16 2014 21:22:54.855,06 16 2014 21:22:54.855
06 16 2014 21:12:23.256,06 16 2014 21:12:23.261,06 16 2014 21:22:54.856,06 16 2014 21:22:54.857
06 16 2014 21:12:23.288,06 16 2014 21:12:23.293,06 16 2014 21:22:54.881,06 16 2014 21:22:54.881
06 16 2014 21:12:23.321,06 16 2014 21:12:23.327,06 16 2014 21:22:55.216,06 16 2014 21:22:55.216
06 16 2014 21:12:23.352,06 16 2014 21:12:23.357,06 16 2014 21:22:55.218,06 16 2014 21:22:55.218
06 16 2014 21:12:23.384,06 16 2014 21:12:23.389,06 16 2014 21:22:55.219,06 16 2014 21:22:55.219
06 16 2014 21:12:23.416,06 16 2014 21:12:23.422,06 16 2014 21:22:55.220,06 16 2014 21:22:55.220
06 16 2014 21:12:23.449,06 16 2014 21:12:23.454,06 16 2014 21:22:55.221,06 16 2014 21:22:55.222
06 16 2014 21:12:23.486,06 16 2014 21:12:23.493,06 16 2014 21:22:55.223,06 16 2014 21:22:55.224
06 16 2014 21:12:23.513,06 16 2014 21:12:23.518,06 16 2014 21:22:55.225,06 16 2014 21:22:55.225
06 16 2014 21:12:23.547,06 16 2014 21:12:23.553,06 16 2014 21:22:55.226,06 16 2014 21:22:55.226
06 16 2014 21:12:23.596,06 16 2014 21:12:23.601,06 16 2014 21:22:55.227,06 16 2014 21:22:55.227
06 16 2014 21:12:23.625,06 16 2014 21:12:23.630,06 16 2014 21:22:55.228,06 16 2014 21:22:55.228
06 16 2014 21:12:23.658,06 16 2014 21:12:23.664,06 16 2014 21:22:55.229,06 16 2014 21:22:55.229
06 16 2014 21:12:23.689,06 16 2014 21:12:23.694,06 16 2014 21:22:55.258,06 16 2014 21:22:55.259
06 16 2014 21:12:23.721,06 16 2014 21:12:23.726,06 16 2014 21:22:55.294,06 16 2014 21:22:55.294
06 16 2014 21:12:23.752,06 16 2014 21:12:23.758,06 16 2014 21:22:55.323,06 16 2014 21:22:55.323
06 16 2014 21:12:23.785,06 16 2014 21:12:23.791,06 16 2014 21:22:55.355,06 16 2014 21:22:55.356
06 16 2014 21:12:23.816,06 16 2014 21:12:23.822,06 16 2014 21:22:55.390,06 16 2014 21:22:55.390
06 16 2014 21:12:23.851,06 16 2014 21:12:23.858,06 16 2014 21:22:55.424,06 16 2014 21:22:55.424
06 16 2014 21:12:23.884,06 16 2014 21:12:23.889,06 16 2014 21:22:55.459,06 16 2014 21:22:55.459
06 16 2014 21:12:23.914,06 16 2014 21:12:23.922,06 16 2014 21:22:55.487,06 16 2014 21:22:55.488
06 16 2014 21:12:23.948,06 16 2014 21:12:23.953,06 16 2014 21:22:55.520,06 16 2014 21:22:55.521
06 16 2014 21:12:23.992,06 16 2014 21:12:23.997,06 16 2014 21:22:55.562,06 16 2014 21:22:55.563
06 16 2014 21:12:24.027,06 16 2014 21:12:24.034,06 16 2014 21:22:55.599,06 16 2014 21:22:55.599
06 16 2014 21:12:24.059,06 16 2014 21:12:24.066,06 16 2014 21:22:55.631,06 16 2014 21:22:55.632
06 16 2014 21:12:24.091,06 16 2014 21:12:24.098,06 16 2014 21:22:55.663,06 16 2014 21:22:55.664
06 16 2014 21:12:24.121,06 16 2014 21:12:24.126,06 16 2014 21:22:55.691,06 16 2014 21:22:55.692
06 16 2014 21:12:24.153,06 16 2014 21:12:24.159,06 16 2014 21:22:55.725,06 16 2014 21:22:55.725
06 16 2014 21:12:24.184,06 16 2014 21:12:24.189,06 16 2014 21:22:55.754,06 16 2014 21:22:55.755
06 16 2014 21:12:24.216,06 16 2014 21:12:24.222,06 16 2014 21:22:55.787,06 16 2014 21:22:55.788
06 16 2014 21:12:24.248,06 16 2014 21:12:24.253,06 16 2014 21:22:55.818,06 16 2014 21:22:55.818
06 16 2014 21:12:24.282,06 16 2014 21:12:24.287,06 16 2014 21:22:55.852,06 16 2014 21:22:55.852
06 16 2014 21:12:24.311,06 16 2014 21:12:24.316,06 16 2014 21:22:55.881,06 16 2014 21:22:55.881
06 16 2014 21:12:24.345,06 16 2014 21:12:24.351,06 16 2014 21:22:55.916,06 16 2014 21:22:55.916
06 16 2014 21:12:24.393,06 16 2014 21:12:24.398,06 16 2014 21:22:55.966,06 16 2014 21:22:55.966
06 16 2014 21:12:24.427,06 16 2014 21:12:24.433,06 16 2014 21:22:55.998,06 16 2014 21:22:55.999
06 16 2014 21:12:24.457,06 16 2014 21:12:24.463,06 16 2014 21:22:56.027,06 16 2014 21:22:56.028
06 16 2014 21:12:24.488,06 16 2014 21:12:24.492,06 16 2014 21:22:56.057,06 16 2014 21:22:56.057
06 16 2014 21:12:24.520,06 16 2014 21:12:24.525,06 16 2014 21:22:56.090,06 16 2014 21:22:56.090
06 16 2014 21:12:24.552,06 16 2014 21:12:24.557,06 16 2014 21:22:56.121,06 16 2014 21:22:56.122
06 16 2014 21:12:24.586,06 16 2014 21:12:24.593,06 16 2014 21:22:56.158,06 16 2014 21:22:56.159
06 16 2014 21:12:24.619,06 16 2014 21:12:24.626,06 16 2014 21:22:56.194,06 16 2014 21:22:56.194
06 16 2014 21:12:24.651,06 16 2014 21:12:24.658,06 16 2014 21:22:56.223,06 16 2014 21:22:56.223
06 16 2014 21:12:24.681,06 16 2014 21:12:24.688,06 16 2014 21:22:56.253,06 16 2014 21:22:56.253
06 16 2014 21:12:24.712,06 16 2014 21:12:24.717,06 16 2014 21:22:56.282,06 16 2014 21:22:56.282
06 16 2014 21:12:24.745,06 16 2014 21:12:24.750,06 16 2014 21:22:56.314,06 16 2014 21:22:56.315
06 16 2014 21:12:24.792,06 16 2014 21:12:24.797,06 16 2014 21:22:56.362,06 16 2014 21:22:56.363
06 16 2014 21:12:24.824,06 16 2014 21:12:24.829,06 16 2014 21:22:56.394,06 16 2014 21:22:56.394
06 16 2014 21:12:24.857,06 16 2014 21:12:24.864,06 16 2014 21:22:56.432,06 16 2014 21:22:56.432
06 16 2014 21:12:24.888,06 16 2014 21:12:24.893,06 16 2014 21:22:56.457,06 16 2014 21:22:56.458
06 16 2014 21:12:24.920,06 16 2014 21:12:24.925,06 16 2014 21:22:56.490,06 16 2014 21:22:56.490
06 16 2014 21:12:24.952,06 16 2014 21:12:24.957,06 16 2014 21:22:56.522,06 16 2014 21:22:56.522
06 16 2014 21:12:24.985,06 16 2014 21:12:24.990,06 16 2014 21:22:56.555,06 16 2014 21:22:56.555
06 16 2014 21:12:25.015,06 16 2014 21:12:25.022,06 16 2014 21:22:56.587,06 16 2014 21:22:56.587
06 16 2014 21:12:25.048,06 16 2014 21:12:25.053,06 16 2014 21:22:56.618,06 16 2014 21:22:56.618
06 16 2014 21:12:25.080,06 16 2014 21:12:25.085,06 16 2014 21:22:56.653,06 16 2014 21:22:56.653
06 16 2014 21:12:25.114,06 16 2014 21:12:25.121,06 16 2014 21:22:56.686,06 16 2014 21:22:56.686
06 16 2014 21:12:25.160,06 16 2014 21:12:25.165,06 16 2014 21:22:56.730,06 16 2014 21:22:56.730
06 16 2014 21:12:25.191,06 16 2014 21:12:25.196,06 16 2014 21:22:56.762,06 16 2014 21:22:56.762
06 16 2014 21:12:25.227,06 16 2014 21:12:25.232,06 16 2014 21:22:56.797,06 16 2014 21:22:56.797
06 16 2014 21:12:25.255,06 16 2014 21:12:25.261,06 16 2014 21:22:56.826,06 16 2014 21:22:56.826
06 16 2014 21:12:25.288,06 16 2014 21:12:25.292,06 16 2014 21:22:56.858,06 16 2014 21:22:56.859
06 16 2014 21:12:25.321,06 16 2014 21:12:25.328,06 16 2014 21:22:56.893,06 16 2014 21:22:56.893
06 16 2014 21:12:25.353,06 16 2014 21:12:25.358,06 16 2014 21:22:56.923,06 16 2014 21:22:56.923
06 16 2014 21:12:25.384,06 16 2014 21:12:25.389,06 16 2014 21:22:56.954,06 16 2014 21:22:56.955
06 16 2014 21:12:25.415,06 16 2014 21:12:25.421,06 16 2014 21:22:56.986,06 16 2014 21:22:56.987
06 16 2014 21:12:25.448,06 16 2014 21:12:25.452,06 16 2014 21:22:57.017,06 16 2014 21:22:57.018
06 16 2014 21:12:25.481,06 16 2014 21:12:25.489,06 16 2014 21:22:57.054,06 16 2014 21:22:57.055
06 16 2014 21:12:25.511,06 16 2014 21:12:25.516,06 16 2014 21:22:57.084,06 16 2014 21:22:57.084
06 16 2014 21:12:25.561,06 16 2014 21:12:25.568,06 16 2014 21:22:57.132,06 16 2014 21:22:57.133
06 16 2014 21:12:25.592,06 16 2014 21:12:25.599,06 16 2014 21:22:57.164,06 16 2014 21:22:57.164
06 16 2014 21:12:25.624,06 16 2014 21:12:25.629,06 16 2014 21:22:57.194,06 16 2014 21:22:57.194
06 16 2014 21:12:25.656,06 16 2014 21:12:25.663,06 16 2014 21:22:57.228,06 16 2014 21:22:57.228
06 16 2014 21:12:25.692,06 16 2014 21:12:25.699,06 16 2014 21:22:57.264,06 16 2014 21:22:57.264
06 16 2014 21:12:25.724,06 16 2014 21:12:25.731,06 16 2014 21:22:57.299,06 16 2014 21:22:57.299
06 16 2014 21:12:25.753,06 16 2014 21:12:25.760,06 16 2014 21:22:57.325,06 16 2014 21:22:57.325
06 16 2014 21:12:25.786,06 16 2014 21:12:25.791,06 16 2014 21:22:57.356,06 16 2014 21:22:57.356
