06 17 2014 13:12:57.287,06 17 2014 13:12:57.293,06 17 2014 13:12:58.428,06 17 2014 13:12:58.433
06 17 2014 13:12:57.620,06 17 2014 13:12:57.626,06 17 2014 13:12:58.761,06 17 2014 13:12:58.786
06 17 2014 13:12:57.620,06 17 2014 13:12:57.626,06 17 2014 13:12:58.761,06 17 2014 13:12:58.819
06 17 2014 13:12:57.620,06 17 2014 13:12:57.626,06 17 2014 13:12:58.761,06 17 2014 13:12:58.854
06 17 2014 13:12:57.620,06 17 2014 13:12:57.626,06 17 2014 13:12:58.761,06 17 2014 13:12:58.888
06 17 2014 13:12:57.620,06 17 2014 13:12:57.626,06 17 2014 13:12:58.761,06 17 2014 13:12:58.921
06 17 2014 13:12:57.620,06 17 2014 13:12:57.626,06 17 2014 13:12:58.761,06 17 2014 13:12:58.937
06 17 2014 13:12:57.620,06 17 2014 13:12:57.626,06 17 2014 13:12:58.761,06 17 2014 13:12:59.004
06 17 2014 13:12:57.620,06 17 2014 13:12:57.626,06 17 2014 13:12:58.761,06 17 2014 13:12:59.020
06 17 2014 13:12:57.620,06 17 2014 13:12:57.626,06 17 2014 13:12:58.761,06 17 2014 13:12:59.038
06 17 2014 13:12:57.620,06 17 2014 13:12:57.626,06 17 2014 13:12:58.761,06 17 2014 13:12:59.088
06 17 2014 13:12:57.620,06 17 2014 13:12:57.626,06 17 2014 13:12:58.761,06 17 2014 13:12:59.121
06 17 2014 13:12:57.620,06 17 2014 13:12:57.626,06 17 2014 13:12:58.761,06 17 2014 13:12:59.155
06 17 2014 13:12:57.620,06 17 2014 13:12:57.626,06 17 2014 13:12:58.761,06 17 2014 13:12:59.191
06 17 2014 13:12:57.620,06 17 2014 13:12:57.626,06 17 2014 13:12:58.761,06 17 2014 13:12:59.224
06 17 2014 13:12:57.620,06 17 2014 13:12:57.626,06 17 2014 13:12:58.761,06 17 2014 13:12:59.257
06 17 2014 13:12:57.620,06 17 2014 13:12:57.626,06 17 2014 13:12:58.761,06 17 2014 13:12:59.290
06 17 2014 13:12:57.620,06 17 2014 13:12:57.626,06 17 2014 13:12:58.761,06 17 2014 13:12:59.323
06 17 2014 13:12:57.620,06 17 2014 13:12:57.626,06 17 2014 13:12:58.761,06 17 2014 13:12:59.356
06 17 2014 13:12:57.620,06 17 2014 13:12:57.626,06 17 2014 13:12:58.761,06 17 2014 13:12:59.373
06 17 2014 13:12:57.620,06 17 2014 13:12:57.626,06 17 2014 13:12:58.761,06 17 2014 13:12:59.406
06 17 2014 13:12:57.620,06 17 2014 13:12:57.626,06 17 2014 13:12:58.761,06 17 2014 13:12:59.439
06 17 2014 13:12:57.620,06 17 2014 13:12:57.626,06 17 2014 13:12:58.761,06 17 2014 13:12:59.489
06 17 2014 13:12:57.620,06 17 2014 13:12:57.626,06 17 2014 13:12:58.761,06 17 2014 13:12:59.522
06 17 2014 13:12:57.620,06 17 2014 13:12:57.626,06 17 2014 13:12:58.761,06 17 2014 13:12:59.555
06 17 2014 13:12:57.620,06 17 2014 13:12:57.626,06 17 2014 13:12:58.761,06 17 2014 13:12:59.589
06 17 2014 13:12:57.620,06 17 2014 13:12:57.626,06 17 2014 13:12:58.761,06 17 2014 13:12:59.622
06 17 2014 13:12:57.620,06 17 2014 13:12:57.626,06 17 2014 13:12:58.761,06 17 2014 13:12:59.655
06 17 2014 13:12:57.620,06 17 2014 13:12:57.626,06 17 2014 13:12:58.761,06 17 2014 13:12:59.689
06 17 2014 13:12:58.580,06 17 2014 13:12:58.586,06 17 2014 13:12:59.722,06 17 2014 13:12:59.755
06 17 2014 13:12:58.580,06 17 2014 13:12:58.586,06 17 2014 13:12:59.722,06 17 2014 13:12:59.824
06 17 2014 13:12:58.678,06 17 2014 13:12:58.685,06 17 2014 13:12:59.832,06 17 2014 13:12:59.857
06 17 2014 13:12:58.678,06 17 2014 13:12:58.685,06 17 2014 13:12:59.832,06 17 2014 13:12:59.890
06 17 2014 13:12:58.678,06 17 2014 13:12:58.685,06 17 2014 13:12:59.832,06 17 2014 13:12:59.923
06 17 2014 13:12:58.678,06 17 2014 13:12:58.685,06 17 2014 13:12:59.832,06 17 2014 13:12:59.956
06 17 2014 13:12:58.678,06 17 2014 13:12:58.685,06 17 2014 13:12:59.832,06 17 2014 13:12:59.990
06 17 2014 13:12:58.678,06 17 2014 13:12:58.685,06 17 2014 13:12:59.832,06 17 2014 13:13:00.023
06 17 2014 13:12:58.678,06 17 2014 13:12:58.685,06 17 2014 13:12:59.832,06 17 2014 13:13:00.056
06 17 2014 13:12:58.678,06 17 2014 13:12:58.685,06 17 2014 13:12:59.832,06 17 2014 13:13:00.089
06 17 2014 13:12:58.678,06 17 2014 13:12:58.685,06 17 2014 13:12:59.832,06 17 2014 13:13:00.122
06 17 2014 13:12:58.678,06 17 2014 13:12:58.685,06 17 2014 13:12:59.832,06 17 2014 13:13:00.155
06 17 2014 13:12:58.678,06 17 2014 13:12:58.685,06 17 2014 13:12:59.832,06 17 2014 13:13:00.172
06 17 2014 13:12:58.678,06 17 2014 13:12:58.685,06 17 2014 13:12:59.832,06 17 2014 13:13:00.221
06 17 2014 13:12:58.678,06 17 2014 13:12:58.685,06 17 2014 13:12:59.832,06 17 2014 13:13:00.255
06 17 2014 13:12:58.678,06 17 2014 13:12:58.685,06 17 2014 13:12:59.832,06 17 2014 13:13:00.288
06 17 2014 13:12:58.678,06 17 2014 13:12:58.685,06 17 2014 13:12:59.832,06 17 2014 13:13:00.321
06 17 2014 13:12:58.678,06 17 2014 13:12:58.685,06 17 2014 13:12:59.832,06 17 2014 13:13:00.355
06 17 2014 13:12:58.678,06 17 2014 13:12:58.685,06 17 2014 13:12:59.832,06 17 2014 13:13:00.391
06 17 2014 13:12:58.678,06 17 2014 13:12:58.685,06 17 2014 13:12:59.832,06 17 2014 13:13:00.424
06 17 2014 13:12:59.316,06 17 2014 13:12:59.321,06 17 2014 13:13:00.457,06 17 2014 13:13:00.490
06 17 2014 13:12:59.316,06 17 2014 13:12:59.321,06 17 2014 13:13:00.457,06 17 2014 13:13:00.523
06 17 2014 13:12:59.316,06 17 2014 13:12:59.321,06 17 2014 13:13:00.457,06 17 2014 13:13:00.540
06 17 2014 13:12:59.316,06 17 2014 13:12:59.321,06 17 2014 13:13:00.457,06 17 2014 13:13:00.573
06 17 2014 13:12:59.316,06 17 2014 13:12:59.321,06 17 2014 13:13:00.623,06 17 2014 13:13:00.623
06 17 2014 13:12:59.316,06 17 2014 13:12:59.321,06 17 2014 13:13:00.623,06 17 2014 13:13:00.656
06 17 2014 13:12:59.316,06 17 2014 13:12:59.321,06 17 2014 13:13:00.623,06 17 2014 13:13:00.689
06 17 2014 13:12:59.316,06 17 2014 13:12:59.321,06 17 2014 13:13:00.623,06 17 2014 13:13:00.722
06 17 2014 13:12:59.316,06 17 2014 13:12:59.321,06 17 2014 13:13:00.623,06 17 2014 13:13:00.755
06 17 2014 13:12:59.316,06 17 2014 13:12:59.321,06 17 2014 13:13:00.623,06 17 2014 13:13:00.788
06 17 2014 13:12:59.316,06 17 2014 13:12:59.321,06 17 2014 13:13:00.623,06 17 2014 13:13:00.821
06 17 2014 13:12:59.316,06 17 2014 13:12:59.321,06 17 2014 13:13:00.623,06 17 2014 13:13:00.855
06 17 2014 13:12:59.316,06 17 2014 13:12:59.321,06 17 2014 13:13:00.623,06 17 2014 13:13:00.888
06 17 2014 13:12:59.316,06 17 2014 13:12:59.321,06 17 2014 13:13:00.623,06 17 2014 13:13:00.921
06 17 2014 13:12:59.316,06 17 2014 13:12:59.321,06 17 2014 13:13:00.623,06 17 2014 13:13:00.938
06 17 2014 13:12:59.316,06 17 2014 13:12:59.321,06 17 2014 13:13:00.623,06 17 2014 13:13:00.971
06 17 2014 13:12:59.316,06 17 2014 13:12:59.321,06 17 2014 13:13:00.623,06 17 2014 13:13:01.022
06 17 2014 13:12:59.316,06 17 2014 13:12:59.321,06 17 2014 13:13:00.623,06 17 2014 13:13:01.055
06 17 2014 13:12:59.316,06 17 2014 13:12:59.321,06 17 2014 13:13:00.623,06 17 2014 13:13:01.088
06 17 2014 13:12:59.316,06 17 2014 13:12:59.321,06 17 2014 13:13:00.623,06 17 2014 13:13:01.122
06 17 2014 13:12:59.316,06 17 2014 13:12:59.321,06 17 2014 13:13:00.623,06 17 2014 13:13:01.155
06 17 2014 13:12:59.316,06 17 2014 13:12:59.321,06 17 2014 13:13:00.623,06 17 2014 13:13:01.188
06 17 2014 13:12:59.316,06 17 2014 13:12:59.321,06 17 2014 13:13:00.623,06 17 2014 13:13:01.222
06 17 2014 13:12:59.316,06 17 2014 13:12:59.321,06 17 2014 13:13:00.623,06 17 2014 13:13:01.255
06 17 2014 13:12:59.316,06 17 2014 13:12:59.321,06 17 2014 13:13:00.623,06 17 2014 13:13:01.288
06 17 2014 13:13:00.180,06 17 2014 13:13:00.186,06 17 2014 13:13:01.321,06 17 2014 13:13:01.355
06 17 2014 13:13:00.180,06 17 2014 13:13:00.186,06 17 2014 13:13:01.321,06 17 2014 13:13:01.388
06 17 2014 13:13:00.180,06 17 2014 13:13:00.186,06 17 2014 13:13:01.321,06 17 2014 13:13:01.421
06 17 2014 13:13:00.180,06 17 2014 13:13:00.186,06 17 2014 13:13:01.321,06 17 2014 13:13:01.471
06 17 2014 13:13:00.180,06 17 2014 13:13:00.186,06 17 2014 13:13:01.321,06 17 2014 13:13:01.488
06 17 2014 13:13:00.180,06 17 2014 13:13:00.186,06 17 2014 13:13:01.321,06 17 2014 13:13:01.538
06 17 2014 13:13:00.180,06 17 2014 13:13:00.186,06 17 2014 13:13:01.321,06 17 2014 13:13:01.555
06 17 2014 13:13:00.180,06 17 2014 13:13:00.186,06 17 2014 13:13:01.321,06 17 2014 13:13:01.588
06 17 2014 13:13:00.180,06 17 2014 13:13:00.186,06 17 2014 13:13:01.321,06 17 2014 13:13:01.621
06 17 2014 13:13:00.180,06 17 2014 13:13:00.186,06 17 2014 13:13:01.321,06 17 2014 13:13:01.654
06 17 2014 13:13:00.180,06 17 2014 13:13:00.186,06 17 2014 13:13:01.321,06 17 2014 13:13:01.687
06 17 2014 13:13:00.180,06 17 2014 13:13:00.186,06 17 2014 13:13:01.321,06 17 2014 13:13:01.721
06 17 2014 13:13:00.613,06 17 2014 13:13:00.619,06 17 2014 13:13:01.754,06 17 2014 13:13:01.771
06 17 2014 13:13:00.613,06 17 2014 13:13:00.619,06 17 2014 13:13:01.754,06 17 2014 13:13:01.821
06 17 2014 13:13:00.613,06 17 2014 13:13:00.619,06 17 2014 13:13:01.754,06 17 2014 13:13:01.854
06 17 2014 13:13:00.613,06 17 2014 13:13:00.619,06 17 2014 13:13:01.754,06 17 2014 13:13:01.891
06 17 2014 13:13:00.613,06 17 2014 13:13:00.619,06 17 2014 13:13:01.754,06 17 2014 13:13:01.924
06 17 2014 13:13:00.613,06 17 2014 13:13:00.619,06 17 2014 13:13:01.754,06 17 2014 13:13:01.957
06 17 2014 13:13:00.613,06 17 2014 13:13:00.619,06 17 2014 13:13:01.754,06 17 2014 13:13:01.990
06 17 2014 13:13:00.613,06 17 2014 13:13:00.619,06 17 2014 13:13:01.754,06 17 2014 13:13:02.023
06 17 2014 13:13:00.613,06 17 2014 13:13:00.619,06 17 2014 13:13:01.754,06 17 2014 13:13:02.056
06 17 2014 13:13:00.613,06 17 2014 13:13:00.619,06 17 2014 13:13:01.754,06 17 2014 13:13:02.089
06 17 2014 13:13:00.613,06 17 2014 13:13:00.619,06 17 2014 13:13:01.754,06 17 2014 13:13:02.123
06 17 2014 13:13:00.613,06 17 2014 13:13:00.619,06 17 2014 13:13:01.754,06 17 2014 13:13:02.156
06 17 2014 13:13:00.613,06 17 2014 13:13:00.619,06 17 2014 13:13:01.754,06 17 2014 13:13:02.205
06 17 2014 13:13:00.613,06 17 2014 13:13:00.619,06 17 2014 13:13:01.754,06 17 2014 13:13:02.222
06 17 2014 13:13:00.613,06 17 2014 13:13:00.619,06 17 2014 13:13:01.754,06 17 2014 13:13:02.255
06 17 2014 13:13:00.613,06 17 2014 13:13:00.619,06 17 2014 13:13:01.754,06 17 2014 13:13:02.288
06 17 2014 13:13:00.613,06 17 2014 13:13:00.619,06 17 2014 13:13:01.754,06 17 2014 13:13:02.321
06 17 2014 13:13:00.613,06 17 2014 13:13:00.619,06 17 2014 13:13:01.754,06 17 2014 13:13:02.359
06 17 2014 13:13:00.613,06 17 2014 13:13:00.619,06 17 2014 13:13:01.754,06 17 2014 13:13:02.392
06 17 2014 13:13:00.613,06 17 2014 13:13:00.619,06 17 2014 13:13:01.754,06 17 2014 13:13:02.425
06 17 2014 13:13:00.613,06 17 2014 13:13:00.619,06 17 2014 13:13:01.754,06 17 2014 13:13:02.458
06 17 2014 13:13:00.613,06 17 2014 13:13:00.619,06 17 2014 13:13:01.754,06 17 2014 13:13:02.474
06 17 2014 13:13:01.380,06 17 2014 13:13:01.385,06 17 2014 13:13:01.754,06 17 2014 13:13:02.557
06 17 2014 13:13:01.380,06 17 2014 13:13:01.385,06 17 2014 13:13:01.754,06 17 2014 13:13:02.590
06 17 2014 13:13:01.380,06 17 2014 13:13:01.385,06 17 2014 13:13:01.754,06 17 2014 13:13:02.624
06 17 2014 13:13:01.380,06 17 2014 13:13:01.385,06 17 2014 13:13:01.754,06 17 2014 13:13:02.657
06 17 2014 13:13:01.380,06 17 2014 13:13:01.385,06 17 2014 13:13:01.754,06 17 2014 13:13:02.690
06 17 2014 13:13:01.380,06 17 2014 13:13:01.385,06 17 2014 13:13:01.754,06 17 2014 13:13:02.723
06 17 2014 13:13:01.380,06 17 2014 13:13:01.385,06 17 2014 13:13:01.754,06 17 2014 13:13:02.756
06 17 2014 13:13:01.380,06 17 2014 13:13:01.385,06 17 2014 13:13:01.754,06 17 2014 13:13:02.789
06 17 2014 13:13:01.380,06 17 2014 13:13:01.385,06 17 2014 13:13:01.754,06 17 2014 13:13:02.822
06 17 2014 13:13:01.380,06 17 2014 13:13:01.385,06 17 2014 13:13:01.754,06 17 2014 13:13:02.855
06 17 2014 13:13:01.380,06 17 2014 13:13:01.385,06 17 2014 13:13:01.754,06 17 2014 13:13:02.889
06 17 2014 13:13:01.380,06 17 2014 13:13:01.385,06 17 2014 13:13:01.754,06 17 2014 13:13:02.922
06 17 2014 13:13:01.380,06 17 2014 13:13:01.385,06 17 2014 13:13:01.754,06 17 2014 13:13:02.955
06 17 2014 13:13:01.380,06 17 2014 13:13:01.385,06 17 2014 13:13:01.754,06 17 2014 13:13:02.988
06 17 2014 13:13:01.380,06 17 2014 13:13:01.385,06 17 2014 13:13:01.754,06 17 2014 13:13:03.021
06 17 2014 13:13:01.380,06 17 2014 13:13:01.385,06 17 2014 13:13:01.754,06 17 2014 13:13:03.054
06 17 2014 13:13:01.380,06 17 2014 13:13:01.385,06 17 2014 13:13:01.754,06 17 2014 13:13:03.087
06 17 2014 13:13:01.380,06 17 2014 13:13:01.385,06 17 2014 13:13:01.754,06 17 2014 13:13:03.121
06 17 2014 13:13:01.380,06 17 2014 13:13:01.385,06 17 2014 13:13:01.754,06 17 2014 13:13:03.154
06 17 2014 13:13:01.380,06 17 2014 13:13:01.385,06 17 2014 13:13:01.754,06 17 2014 13:13:03.187
06 17 2014 13:13:01.380,06 17 2014 13:13:01.385,06 17 2014 13:13:01.754,06 17 2014 13:13:03.220
06 17 2014 13:13:01.380,06 17 2014 13:13:01.385,06 17 2014 13:13:01.754,06 17 2014 13:13:03.254
06 17 2014 13:13:01.380,06 17 2014 13:13:01.385,06 17 2014 13:13:01.754,06 17 2014 13:13:03.287
06 17 2014 13:13:01.380,06 17 2014 13:13:01.385,06 17 2014 13:13:01.754,06 17 2014 13:13:03.323
06 17 2014 13:13:01.380,06 17 2014 13:13:01.385,06 17 2014 13:13:01.754,06 17 2014 13:13:03.372
06 17 2014 13:13:01.380,06 17 2014 13:13:01.385,06 17 2014 13:13:01.754,06 17 2014 13:13:03.406
06 17 2014 13:13:01.380,06 17 2014 13:13:01.385,06 17 2014 13:13:01.754,06 17 2014 13:13:03.439
06 17 2014 13:13:01.380,06 17 2014 13:13:01.385,06 17 2014 13:13:01.754,06 17 2014 13:13:03.455
06 17 2014 13:13:01.380,06 17 2014 13:13:01.385,06 17 2014 13:13:01.754,06 17 2014 13:13:03.488
06 17 2014 13:13:01.380,06 17 2014 13:13:01.385,06 17 2014 13:13:01.754,06 17 2014 13:13:03.522
06 17 2014 13:13:01.380,06 17 2014 13:13:01.385,06 17 2014 13:13:01.754,06 17 2014 13:13:03.555
06 17 2014 13:13:01.380,06 17 2014 13:13:01.385,06 17 2014 13:13:01.754,06 17 2014 13:13:03.588
06 17 2014 13:13:01.380,06 17 2014 13:13:01.385,06 17 2014 13:13:01.754,06 17 2014 13:13:03.621
06 17 2014 13:13:01.380,06 17 2014 13:13:01.385,06 17 2014 13:13:01.754,06 17 2014 13:13:03.654
06 17 2014 13:13:01.380,06 17 2014 13:13:01.385,06 17 2014 13:13:01.754,06 17 2014 13:13:03.687
06 17 2014 13:13:01.380,06 17 2014 13:13:01.385,06 17 2014 13:13:01.754,06 17 2014 13:13:03.720
06 17 2014 13:13:01.380,06 17 2014 13:13:01.385,06 17 2014 13:13:01.754,06 17 2014 13:13:03.754
06 17 2014 13:13:01.380,06 17 2014 13:13:01.385,06 17 2014 13:13:01.754,06 17 2014 13:13:03.791
06 17 2014 13:13:01.380,06 17 2014 13:13:01.385,06 17 2014 13:13:01.754,06 17 2014 13:13:03.824
06 17 2014 13:13:01.380,06 17 2014 13:13:01.385,06 17 2014 13:13:01.754,06 17 2014 13:13:03.857
06 17 2014 13:13:01.380,06 17 2014 13:13:01.385,06 17 2014 13:13:01.754,06 17 2014 13:13:03.890
06 17 2014 13:13:01.380,06 17 2014 13:13:01.385,06 17 2014 13:13:01.754,06 17 2014 13:13:03.923
06 17 2014 13:13:01.380,06 17 2014 13:13:01.385,06 17 2014 13:13:01.754,06 17 2014 13:13:03.956
06 17 2014 13:13:01.380,06 17 2014 13:13:01.385,06 17 2014 13:13:01.754,06 17 2014 13:13:03.990
06 17 2014 13:13:01.380,06 17 2014 13:13:01.385,06 17 2014 13:13:01.754,06 17 2014 13:13:04.023
06 17 2014 13:13:01.380,06 17 2014 13:13:01.385,06 17 2014 13:13:01.754,06 17 2014 13:13:04.056
06 17 2014 13:13:01.380,06 17 2014 13:13:01.385,06 17 2014 13:13:01.754,06 17 2014 13:13:04.089
06 17 2014 13:13:01.380,06 17 2014 13:13:01.385,06 17 2014 13:13:01.754,06 17 2014 13:13:04.122
06 17 2014 13:13:01.380,06 17 2014 13:13:01.385,06 17 2014 13:13:01.754,06 17 2014 13:13:04.172
06 17 2014 13:13:01.380,06 17 2014 13:13:01.385,06 17 2014 13:13:01.754,06 17 2014 13:13:04.188
06 17 2014 13:13:01.380,06 17 2014 13:13:01.385,06 17 2014 13:13:01.754,06 17 2014 13:13:04.221
06 17 2014 13:13:01.380,06 17 2014 13:13:01.385,06 17 2014 13:13:01.754,06 17 2014 13:13:04.259
06 17 2014 13:13:01.380,06 17 2014 13:13:01.385,06 17 2014 13:13:01.754,06 17 2014 13:13:04.292
06 17 2014 13:13:01.380,06 17 2014 13:13:01.385,06 17 2014 13:13:01.754,06 17 2014 13:13:04.325
06 17 2014 13:13:01.380,06 17 2014 13:13:01.385,06 17 2014 13:13:01.754,06 17 2014 13:13:04.359
06 17 2014 13:13:01.380,06 17 2014 13:13:01.385,06 17 2014 13:13:01.754,06 17 2014 13:13:04.391
06 17 2014 13:13:01.380,06 17 2014 13:13:01.385,06 17 2014 13:13:01.754,06 17 2014 13:13:04.425
06 17 2014 13:13:01.380,06 17 2014 13:13:01.385,06 17 2014 13:13:01.754,06 17 2014 13:13:04.458
06 17 2014 13:13:01.380,06 17 2014 13:13:01.385,06 17 2014 13:13:01.754,06 17 2014 13:13:04.491
06 17 2014 13:13:01.380,06 17 2014 13:13:01.385,06 17 2014 13:13:01.754,06 17 2014 13:13:04.524
06 17 2014 13:13:01.380,06 17 2014 13:13:01.385,06 17 2014 13:13:01.754,06 17 2014 13:13:04.557
06 17 2014 13:13:01.380,06 17 2014 13:13:01.385,06 17 2014 13:13:01.754,06 17 2014 13:13:04.590
06 17 2014 13:13:01.380,06 17 2014 13:13:01.385,06 17 2014 13:13:01.754,06 17 2014 13:13:04.623
06 17 2014 13:13:01.380,06 17 2014 13:13:01.385,06 17 2014 13:13:01.754,06 17 2014 13:13:04.657
06 17 2014 13:13:01.380,06 17 2014 13:13:01.385,06 17 2014 13:13:01.754,06 17 2014 13:13:04.690
06 17 2014 13:13:01.380,06 17 2014 13:13:01.385,06 17 2014 13:13:01.754,06 17 2014 13:13:04.723
06 17 2014 13:13:01.380,06 17 2014 13:13:01.385,06 17 2014 13:13:01.754,06 17 2014 13:13:04.756
06 17 2014 13:13:01.380,06 17 2014 13:13:01.385,06 17 2014 13:13:01.754,06 17 2014 13:13:04.789
06 17 2014 13:13:01.380,06 17 2014 13:13:01.385,06 17 2014 13:13:01.754,06 17 2014 13:13:04.823
06 17 2014 13:13:01.380,06 17 2014 13:13:01.385,06 17 2014 13:13:01.754,06 17 2014 13:13:04.856
06 17 2014 13:13:01.380,06 17 2014 13:13:01.385,06 17 2014 13:13:01.754,06 17 2014 13:13:04.889
06 17 2014 13:13:01.380,06 17 2014 13:13:01.385,06 17 2014 13:13:01.754,06 17 2014 13:13:04.939
06 17 2014 13:13:01.380,06 17 2014 13:13:01.385,06 17 2014 13:13:01.754,06 17 2014 13:13:04.955
06 17 2014 13:13:01.380,06 17 2014 13:13:01.385,06 17 2014 13:13:01.754,06 17 2014 13:13:04.988
06 17 2014 13:13:01.380,06 17 2014 13:13:01.385,06 17 2014 13:13:01.754,06 17 2014 13:13:05.022
06 17 2014 13:13:03.924,06 17 2014 13:13:03.931,06 17 2014 13:13:05.071,06 17 2014 13:13:05.088
06 17 2014 13:13:03.924,06 17 2014 13:13:03.931,06 17 2014 13:13:05.071,06 17 2014 13:13:05.121
06 17 2014 13:13:03.924,06 17 2014 13:13:03.931,06 17 2014 13:13:05.071,06 17 2014 13:13:05.154
06 17 2014 13:13:03.924,06 17 2014 13:13:03.931,06 17 2014 13:13:05.071,06 17 2014 13:13:05.191
06 17 2014 13:13:03.924,06 17 2014 13:13:03.931,06 17 2014 13:13:05.071,06 17 2014 13:13:05.224
06 17 2014 13:13:03.924,06 17 2014 13:13:03.931,06 17 2014 13:13:05.071,06 17 2014 13:13:05.257
06 17 2014 13:13:04.148,06 17 2014 13:13:04.153,06 17 2014 13:13:05.289,06 17 2014 13:13:05.340
06 17 2014 13:13:04.148,06 17 2014 13:13:04.153,06 17 2014 13:13:05.289,06 17 2014 13:13:05.373
06 17 2014 13:13:04.148,06 17 2014 13:13:04.153,06 17 2014 13:13:05.289,06 17 2014 13:13:05.390
06 17 2014 13:13:04.148,06 17 2014 13:13:04.153,06 17 2014 13:13:05.289,06 17 2014 13:13:05.422
06 17 2014 13:13:04.148,06 17 2014 13:13:04.153,06 17 2014 13:13:05.289,06 17 2014 13:13:05.456
06 17 2014 13:13:04.148,06 17 2014 13:13:04.153,06 17 2014 13:13:05.289,06 17 2014 13:13:05.489
06 17 2014 13:13:04.148,06 17 2014 13:13:04.153,06 17 2014 13:13:05.289,06 17 2014 13:13:05.522
06 17 2014 13:13:04.148,06 17 2014 13:13:04.153,06 17 2014 13:13:05.289,06 17 2014 13:13:05.555
06 17 2014 13:13:04.148,06 17 2014 13:13:04.153,06 17 2014 13:13:05.289,06 17 2014 13:13:05.588
06 17 2014 13:13:04.148,06 17 2014 13:13:04.153,06 17 2014 13:13:05.289,06 17 2014 13:13:05.621
06 17 2014 13:13:04.148,06 17 2014 13:13:04.153,06 17 2014 13:13:05.289,06 17 2014 13:13:05.658
06 17 2014 13:13:04.148,06 17 2014 13:13:04.153,06 17 2014 13:13:05.289,06 17 2014 13:13:05.708
06 17 2014 13:13:04.148,06 17 2014 13:13:04.153,06 17 2014 13:13:05.289,06 17 2014 13:13:05.741
06 17 2014 13:13:04.148,06 17 2014 13:13:04.153,06 17 2014 13:13:05.289,06 17 2014 13:13:05.757
06 17 2014 13:13:04.148,06 17 2014 13:13:04.153,06 17 2014 13:13:05.289,06 17 2014 13:13:05.790
06 17 2014 13:13:04.692,06 17 2014 13:13:04.701,06 17 2014 13:13:05.840,06 17 2014 13:13:05.873
06 17 2014 13:13:04.692,06 17 2014 13:13:04.701,06 17 2014 13:13:05.840,06 17 2014 13:13:05.890
06 17 2014 13:13:04.692,06 17 2014 13:13:04.701,06 17 2014 13:13:05.840,06 17 2014 13:13:05.923
06 17 2014 13:13:04.692,06 17 2014 13:13:04.701,06 17 2014 13:13:05.840,06 17 2014 13:13:05.956
06 17 2014 13:13:04.692,06 17 2014 13:13:04.701,06 17 2014 13:13:05.840,06 17 2014 13:13:05.989
06 17 2014 13:13:04.692,06 17 2014 13:13:04.701,06 17 2014 13:13:05.840,06 17 2014 13:13:06.022
06 17 2014 13:13:04.692,06 17 2014 13:13:04.701,06 17 2014 13:13:05.840,06 17 2014 13:13:06.056
06 17 2014 13:13:04.692,06 17 2014 13:13:04.701,06 17 2014 13:13:05.840,06 17 2014 13:13:06.105
06 17 2014 13:13:04.692,06 17 2014 13:13:04.701,06 17 2014 13:13:05.840,06 17 2014 13:13:06.122
06 17 2014 13:13:04.692,06 17 2014 13:13:04.701,06 17 2014 13:13:05.840,06 17 2014 13:13:06.159
06 17 2014 13:13:04.692,06 17 2014 13:13:04.701,06 17 2014 13:13:05.840,06 17 2014 13:13:06.208
06 17 2014 13:13:04.692,06 17 2014 13:13:04.701,06 17 2014 13:13:05.840,06 17 2014 13:13:06.242
06 17 2014 13:13:04.692,06 17 2014 13:13:04.701,06 17 2014 13:13:05.840,06 17 2014 13:13:06.275
06 17 2014 13:13:04.692,06 17 2014 13:13:04.701,06 17 2014 13:13:05.840,06 17 2014 13:13:06.308
06 17 2014 13:13:04.692,06 17 2014 13:13:04.701,06 17 2014 13:13:05.840,06 17 2014 13:13:06.324
06 17 2014 13:13:04.692,06 17 2014 13:13:04.701,06 17 2014 13:13:05.840,06 17 2014 13:13:06.357
06 17 2014 13:13:04.692,06 17 2014 13:13:04.701,06 17 2014 13:13:05.840,06 17 2014 13:13:06.391
06 17 2014 13:13:04.692,06 17 2014 13:13:04.701,06 17 2014 13:13:05.840,06 17 2014 13:13:06.424
06 17 2014 13:13:04.692,06 17 2014 13:13:04.701,06 17 2014 13:13:05.840,06 17 2014 13:13:06.457
06 17 2014 13:13:04.692,06 17 2014 13:13:04.701,06 17 2014 13:13:05.840,06 17 2014 13:13:06.506
06 17 2014 13:13:04.692,06 17 2014 13:13:04.701,06 17 2014 13:13:05.840,06 17 2014 13:13:06.540
06 17 2014 13:13:04.692,06 17 2014 13:13:04.701,06 17 2014 13:13:05.840,06 17 2014 13:13:06.573
06 17 2014 13:13:04.692,06 17 2014 13:13:04.701,06 17 2014 13:13:05.840,06 17 2014 13:13:06.606
06 17 2014 13:13:04.692,06 17 2014 13:13:04.701,06 17 2014 13:13:05.840,06 17 2014 13:13:06.623
06 17 2014 13:13:04.692,06 17 2014 13:13:04.701,06 17 2014 13:13:05.840,06 17 2014 13:13:06.656
06 17 2014 13:13:04.692,06 17 2014 13:13:04.701,06 17 2014 13:13:05.840,06 17 2014 13:13:06.689
06 17 2014 13:13:04.692,06 17 2014 13:13:04.701,06 17 2014 13:13:05.840,06 17 2014 13:13:06.722
06 17 2014 13:13:04.692,06 17 2014 13:13:04.701,06 17 2014 13:13:05.840,06 17 2014 13:13:06.755
