06 16 2014 21:14:09.304,06 16 2014 21:14:09.309,06 16 2014 21:24:40.879,06 16 2014 21:24:40.881
06 16 2014 21:14:09.333,06 16 2014 21:14:09.337,06 16 2014 21:24:40.908,06 16 2014 21:24:40.908
06 16 2014 21:14:09.365,06 16 2014 21:14:09.369,06 16 2014 21:24:40.939,06 16 2014 21:24:40.939
06 16 2014 21:14:09.396,06 16 2014 21:14:09.401,06 16 2014 21:24:40.973,06 16 2014 21:24:40.973
06 16 2014 21:14:09.428,06 16 2014 21:14:09.433,06 16 2014 21:24:41.003,06 16 2014 21:24:41.003
06 16 2014 21:14:09.461,06 16 2014 21:14:09.466,06 16 2014 21:24:41.036,06 16 2014 21:24:41.036
06 16 2014 21:14:09.493,06 16 2014 21:14:09.499,06 16 2014 21:24:41.069,06 16 2014 21:24:41.069
06 16 2014 21:14:09.526,06 16 2014 21:14:09.530,06 16 2014 21:24:41.100,06 16 2014 21:24:41.100
06 16 2014 21:14:09.574,06 16 2014 21:14:09.581,06 16 2014 21:24:41.151,06 16 2014 21:24:41.151
06 16 2014 21:14:09.605,06 16 2014 21:14:09.610,06 16 2014 21:24:41.180,06 16 2014 21:24:41.180
06 16 2014 21:14:09.636,06 16 2014 21:14:09.642,06 16 2014 21:24:41.215,06 16 2014 21:24:41.215
06 16 2014 21:14:09.670,06 16 2014 21:14:09.676,06 16 2014 21:24:41.246,06 16 2014 21:24:41.246
06 16 2014 21:14:09.702,06 16 2014 21:14:09.708,06 16 2014 21:24:41.284,06 16 2014 21:24:41.285
06 16 2014 21:14:09.732,06 16 2014 21:14:09.737,06 16 2014 21:24:41.307,06 16 2014 21:24:41.307
06 16 2014 21:14:09.767,06 16 2014 21:14:09.773,06 16 2014 21:24:41.343,06 16 2014 21:24:41.343
06 16 2014 21:14:09.796,06 16 2014 21:14:09.801,06 16 2014 21:24:41.384,06 16 2014 21:24:41.384
06 16 2014 21:14:09.830,06 16 2014 21:14:09.837,06 16 2014 21:24:41.416,06 16 2014 21:24:41.416
06 16 2014 21:14:09.864,06 16 2014 21:14:09.869,06 16 2014 21:24:41.438,06 16 2014 21:24:41.439
06 16 2014 21:14:09.895,06 16 2014 21:14:09.901,06 16 2014 21:24:41.471,06 16 2014 21:24:41.472
06 16 2014 21:14:09.925,06 16 2014 21:14:09.930,06 16 2014 21:24:41.499,06 16 2014 21:24:41.499
06 16 2014 21:14:09.972,06 16 2014 21:14:09.977,06 16 2014 21:24:41.547,06 16 2014 21:24:41.547
06 16 2014 21:14:10.005,06 16 2014 21:14:10.009,06 16 2014 21:24:41.579,06 16 2014 21:24:41.579
06 16 2014 21:14:10.036,06 16 2014 21:14:10.044,06 16 2014 21:24:41.615,06 16 2014 21:24:41.615
06 16 2014 21:14:10.070,06 16 2014 21:14:10.077,06 16 2014 21:24:41.646,06 16 2014 21:24:41.646
06 16 2014 21:14:10.103,06 16 2014 21:14:10.108,06 16 2014 21:24:41.679,06 16 2014 21:24:41.679
06 16 2014 21:14:10.135,06 16 2014 21:14:10.141,06 16 2014 21:24:41.711,06 16 2014 21:24:41.711
06 16 2014 21:14:10.165,06 16 2014 21:14:10.169,06 16 2014 21:24:41.739,06 16 2014 21:24:41.739
06 16 2014 21:14:10.196,06 16 2014 21:14:10.201,06 16 2014 21:24:41.772,06 16 2014 21:24:41.772
06 16 2014 21:14:10.228,06 16 2014 21:14:10.233,06 16 2014 21:24:41.803,06 16 2014 21:24:41.803
06 16 2014 21:14:10.261,06 16 2014 21:14:10.266,06 16 2014 21:24:41.839,06 16 2014 21:24:41.839
06 16 2014 21:14:10.292,06 16 2014 21:14:10.297,06 16 2014 21:24:41.867,06 16 2014 21:24:41.867
06 16 2014 21:14:10.342,06 16 2014 21:14:10.349,06 16 2014 21:24:41.918,06 16 2014 21:24:41.919
06 16 2014 21:14:10.372,06 16 2014 21:14:10.377,06 16 2014 21:24:41.947,06 16 2014 21:24:41.947
06 16 2014 21:14:10.405,06 16 2014 21:14:10.410,06 16 2014 21:24:41.980,06 16 2014 21:24:41.980
06 16 2014 21:14:10.440,06 16 2014 21:14:10.445,06 16 2014 21:24:42.015,06 16 2014 21:24:42.015
06 16 2014 21:14:10.468,06 16 2014 21:14:10.473,06 16 2014 21:24:42.043,06 16 2014 21:24:42.043
06 16 2014 21:14:10.501,06 16 2014 21:14:10.505,06 16 2014 21:24:42.075,06 16 2014 21:24:42.076
06 16 2014 21:14:10.532,06 16 2014 21:14:10.537,06 16 2014 21:24:42.106,06 16 2014 21:24:42.107
06 16 2014 21:14:10.564,06 16 2014 21:14:10.570,06 16 2014 21:24:42.140,06 16 2014 21:24:42.140
06 16 2014 21:14:10.596,06 16 2014 21:14:10.602,06 16 2014 21:24:42.172,06 16 2014 21:24:42.173
06 16 2014 21:14:10.628,06 16 2014 21:14:10.633,06 16 2014 21:24:42.203,06 16 2014 21:24:42.203
06 16 2014 21:14:10.661,06 16 2014 21:14:10.665,06 16 2014 21:24:42.235,06 16 2014 21:24:42.235
06 16 2014 21:14:10.693,06 16 2014 21:14:10.698,06 16 2014 21:24:42.271,06 16 2014 21:24:42.271
06 16 2014 21:14:10.740,06 16 2014 21:14:10.745,06 16 2014 21:24:42.315,06 16 2014 21:24:42.315
06 16 2014 21:14:10.772,06 16 2014 21:14:10.777,06 16 2014 21:24:42.346,06 16 2014 21:24:42.346
06 16 2014 21:14:10.804,06 16 2014 21:14:10.809,06 16 2014 21:24:42.379,06 16 2014 21:24:42.379
06 16 2014 21:14:10.836,06 16 2014 21:14:10.842,06 16 2014 21:24:42.412,06 16 2014 21:24:42.412
06 16 2014 21:14:10.869,06 16 2014 21:14:10.875,06 16 2014 21:24:42.445,06 16 2014 21:24:42.445
06 16 2014 21:14:10.901,06 16 2014 21:14:10.909,06 16 2014 21:24:42.482,06 16 2014 21:24:42.482
06 16 2014 21:14:10.932,06 16 2014 21:14:10.937,06 16 2014 21:24:42.507,06 16 2014 21:24:42.507
06 16 2014 21:14:10.964,06 16 2014 21:14:10.969,06 16 2014 21:24:42.539,06 16 2014 21:24:42.539
06 16 2014 21:14:10.996,06 16 2014 21:14:11.002,06 16 2014 21:24:42.572,06 16 2014 21:24:42.572
06 16 2014 21:14:11.029,06 16 2014 21:14:11.035,06 16 2014 21:24:42.605,06 16 2014 21:24:42.605
06 16 2014 21:14:11.060,06 16 2014 21:14:11.065,06 16 2014 21:24:42.635,06 16 2014 21:24:42.635
06 16 2014 21:14:11.094,06 16 2014 21:14:11.101,06 16 2014 21:24:42.671,06 16 2014 21:24:42.671
06 16 2014 21:14:11.141,06 16 2014 21:14:11.147,06 16 2014 21:24:42.717,06 16 2014 21:24:42.718
06 16 2014 21:14:11.172,06 16 2014 21:14:11.178,06 16 2014 21:24:42.749,06 16 2014 21:24:42.750
06 16 2014 21:14:11.206,06 16 2014 21:14:11.212,06 16 2014 21:24:42.783,06 16 2014 21:24:42.783
06 16 2014 21:14:11.236,06 16 2014 21:14:11.242,06 16 2014 21:24:42.811,06 16 2014 21:24:42.812
06 16 2014 21:14:11.268,06 16 2014 21:14:11.273,06 16 2014 21:24:42.843,06 16 2014 21:24:42.843
06 16 2014 21:14:11.301,06 16 2014 21:14:11.306,06 16 2014 21:24:42.876,06 16 2014 21:24:42.876
06 16 2014 21:14:11.332,06 16 2014 21:14:11.336,06 16 2014 21:24:42.906,06 16 2014 21:24:42.907
06 16 2014 21:14:11.366,06 16 2014 21:14:11.372,06 16 2014 21:24:42.945,06 16 2014 21:24:42.945
06 16 2014 21:14:11.396,06 16 2014 21:14:11.401,06 16 2014 21:24:42.971,06 16 2014 21:24:42.971
06 16 2014 21:14:11.428,06 16 2014 21:14:11.432,06 16 2014 21:24:43.002,06 16 2014 21:24:43.003
06 16 2014 21:14:11.461,06 16 2014 21:14:11.467,06 16 2014 21:24:43.037,06 16 2014 21:24:43.038
06 16 2014 21:14:11.512,06 16 2014 21:14:11.517,06 16 2014 21:24:43.087,06 16 2014 21:24:43.087
06 16 2014 21:14:11.542,06 16 2014 21:14:11.548,06 16 2014 21:24:43.118,06 16 2014 21:24:43.118
06 16 2014 21:14:11.575,06 16 2014 21:14:11.582,06 16 2014 21:24:43.155,06 16 2014 21:24:43.155
06 16 2014 21:14:11.607,06 16 2014 21:14:11.612,06 16 2014 21:24:43.182,06 16 2014 21:24:43.182
06 16 2014 21:14:11.636,06 16 2014 21:14:11.641,06 16 2014 21:24:43.211,06 16 2014 21:24:43.211
06 16 2014 21:14:11.668,06 16 2014 21:14:11.672,06 16 2014 21:24:43.242,06 16 2014 21:24:43.242
06 16 2014 21:14:11.700,06 16 2014 21:14:11.706,06 16 2014 21:24:43.276,06 16 2014 21:24:43.277
06 16 2014 21:14:11.732,06 16 2014 21:14:11.736,06 16 2014 21:24:43.306,06 16 2014 21:24:43.306
06 16 2014 21:14:11.764,06 16 2014 21:14:11.769,06 16 2014 21:24:43.339,06 16 2014 21:24:43.339
06 16 2014 21:14:11.796,06 16 2014 21:14:11.801,06 16 2014 21:24:43.374,06 16 2014 21:24:43.374
06 16 2014 21:14:11.829,06 16 2014 21:14:11.833,06 16 2014 21:24:43.403,06 16 2014 21:24:43.403
06 16 2014 21:14:11.863,06 16 2014 21:14:11.868,06 16 2014 21:24:43.438,06 16 2014 21:24:43.439
06 16 2014 21:14:11.914,06 16 2014 21:14:11.920,06 16 2014 21:24:43.490,06 16 2014 21:24:43.490
06 16 2014 21:14:11.942,06 16 2014 21:14:11.948,06 16 2014 21:24:43.517,06 16 2014 21:24:43.518
06 16 2014 21:14:11.974,06 16 2014 21:14:11.980,06 16 2014 21:24:43.550,06 16 2014 21:24:43.550
06 16 2014 21:14:12.004,06 16 2014 21:14:12.009,06 16 2014 21:24:43.581,06 16 2014 21:24:43.582
06 16 2014 21:14:12.036,06 16 2014 21:14:12.041,06 16 2014 21:24:43.611,06 16 2014 21:24:43.611
06 16 2014 21:14:12.068,06 16 2014 21:14:12.074,06 16 2014 21:24:43.644,06 16 2014 21:24:43.644
06 16 2014 21:14:12.101,06 16 2014 21:14:12.105,06 16 2014 21:24:43.675,06 16 2014 21:24:43.676
06 16 2014 21:14:12.132,06 16 2014 21:14:12.137,06 16 2014 21:24:43.707,06 16 2014 21:24:43.707
06 16 2014 21:14:12.166,06 16 2014 21:14:12.172,06 16 2014 21:24:43.743,06 16 2014 21:24:43.743
06 16 2014 21:14:12.196,06 16 2014 21:14:12.203,06 16 2014 21:24:43.773,06 16 2014 21:24:43.773
06 16 2014 21:14:12.228,06 16 2014 21:14:12.233,06 16 2014 21:24:43.803,06 16 2014 21:24:43.803
06 16 2014 21:14:12.261,06 16 2014 21:14:12.266,06 16 2014 21:24:43.835,06 16 2014 21:24:43.835
06 16 2014 21:14:12.308,06 16 2014 21:14:12.312,06 16 2014 21:24:43.886,06 16 2014 21:24:43.887
06 16 2014 21:14:12.341,06 16 2014 21:14:12.346,06 16 2014 21:24:43.917,06 16 2014 21:24:43.917
06 16 2014 21:14:12.372,06 16 2014 21:14:12.377,06 16 2014 21:24:43.947,06 16 2014 21:24:43.947
06 16 2014 21:14:12.407,06 16 2014 21:14:12.413,06 16 2014 21:24:43.983,06 16 2014 21:24:43.983
06 16 2014 21:14:12.436,06 16 2014 21:14:12.442,06 16 2014 21:24:44.012,06 16 2014 21:24:44.012
06 16 2014 21:14:12.468,06 16 2014 21:14:12.473,06 16 2014 21:24:44.043,06 16 2014 21:24:44.043
06 16 2014 21:14:12.501,06 16 2014 21:14:12.506,06 16 2014 21:24:44.076,06 16 2014 21:24:44.076
06 16 2014 21:14:12.535,06 16 2014 21:14:12.541,06 16 2014 21:24:44.114,06 16 2014 21:24:44.114
06 16 2014 21:14:12.566,06 16 2014 21:14:12.572,06 16 2014 21:24:44.142,06 16 2014 21:24:44.142
06 16 2014 21:14:12.597,06 16 2014 21:14:12.602,06 16 2014 21:24:44.172,06 16 2014 21:24:44.172
06 16 2014 21:14:12.628,06 16 2014 21:14:12.633,06 16 2014 21:24:44.202,06 16 2014 21:24:44.203
06 16 2014 21:14:12.678,06 16 2014 21:14:12.684,06 16 2014 21:24:44.254,06 16 2014 21:24:44.254
06 16 2014 21:14:12.708,06 16 2014 21:14:12.713,06 16 2014 21:24:44.283,06 16 2014 21:24:44.283
06 16 2014 21:14:12.743,06 16 2014 21:14:12.747,06 16 2014 21:24:44.318,06 16 2014 21:24:44.319
06 16 2014 21:14:12.772,06 16 2014 21:14:12.777,06 16 2014 21:24:44.347,06 16 2014 21:24:44.347
06 16 2014 21:14:12.807,06 16 2014 21:14:12.813,06 16 2014 21:24:44.383,06 16 2014 21:24:44.383
06 16 2014 21:14:12.836,06 16 2014 21:14:12.842,06 16 2014 21:24:44.412,06 16 2014 21:24:44.412
06 16 2014 21:14:12.868,06 16 2014 21:14:12.873,06 16 2014 21:24:44.443,06 16 2014 21:24:44.443
06 16 2014 21:14:12.901,06 16 2014 21:14:12.908,06 16 2014 21:24:44.478,06 16 2014 21:24:44.479
06 16 2014 21:14:12.933,06 16 2014 21:14:12.938,06 16 2014 21:24:44.508,06 16 2014 21:24:44.508
06 16 2014 21:14:12.964,06 16 2014 21:14:12.969,06 16 2014 21:24:44.542,06 16 2014 21:24:44.542
06 16 2014 21:14:12.996,06 16 2014 21:14:13.002,06 16 2014 21:24:44.572,06 16 2014 21:24:44.572
06 16 2014 21:14:13.028,06 16 2014 21:14:13.033,06 16 2014 21:24:44.603,06 16 2014 21:24:44.603
06 16 2014 21:14:13.079,06 16 2014 21:14:13.085,06 16 2014 21:24:44.655,06 16 2014 21:24:44.656
06 16 2014 21:14:13.109,06 16 2014 21:14:13.113,06 16 2014 21:24:44.683,06 16 2014 21:24:44.684
06 16 2014 21:14:13.141,06 16 2014 21:14:13.146,06 16 2014 21:24:44.716,06 16 2014 21:24:44.718
06 16 2014 21:14:13.172,06 16 2014 21:14:13.177,06 16 2014 21:24:44.750,06 16 2014 21:24:44.751
06 16 2014 21:14:13.205,06 16 2014 21:14:13.210,06 16 2014 21:24:44.780,06 16 2014 21:24:44.780
06 16 2014 21:14:13.236,06 16 2014 21:14:13.242,06 16 2014 21:24:44.812,06 16 2014 21:24:44.812
06 16 2014 21:14:13.269,06 16 2014 21:14:13.273,06 16 2014 21:24:44.843,06 16 2014 21:24:44.844
06 16 2014 21:14:13.302,06 16 2014 21:14:13.309,06 16 2014 21:24:44.880,06 16 2014 21:24:44.881
06 16 2014 21:14:13.333,06 16 2014 21:14:13.338,06 16 2014 21:24:44.908,06 16 2014 21:24:44.908
06 16 2014 21:14:13.365,06 16 2014 21:14:13.370,06 16 2014 21:24:44.940,06 16 2014 21:24:44.940
06 16 2014 21:14:13.398,06 16 2014 21:14:13.405,06 16 2014 21:24:44.978,06 16 2014 21:24:44.978
06 16 2014 21:14:13.433,06 16 2014 21:14:13.440,06 16 2014 21:24:45.010,06 16 2014 21:24:45.010
06 16 2014 21:14:13.483,06 16 2014 21:14:13.490,06 16 2014 21:24:45.060,06 16 2014 21:24:45.060
06 16 2014 21:14:13.509,06 16 2014 21:14:13.514,06 16 2014 21:24:45.085,06 16 2014 21:24:45.085
06 16 2014 21:14:13.542,06 16 2014 21:14:13.546,06 16 2014 21:24:45.116,06 16 2014 21:24:45.117
06 16 2014 21:14:13.573,06 16 2014 21:14:13.579,06 16 2014 21:24:45.149,06 16 2014 21:24:45.149
06 16 2014 21:14:13.605,06 16 2014 21:14:13.610,06 16 2014 21:24:45.183,06 16 2014 21:24:45.183
06 16 2014 21:14:13.637,06 16 2014 21:14:13.642,06 16 2014 21:24:45.213,06 16 2014 21:24:45.213
06 16 2014 21:14:13.669,06 16 2014 21:14:13.674,06 16 2014 21:24:45.244,06 16 2014 21:24:45.244
06 16 2014 21:14:13.702,06 16 2014 21:14:13.707,06 16 2014 21:24:45.277,06 16 2014 21:24:45.278
06 16 2014 21:14:13.733,06 16 2014 21:14:13.738,06 16 2014 21:24:45.308,06 16 2014 21:24:45.308
06 16 2014 21:14:13.767,06 16 2014 21:14:13.772,06 16 2014 21:24:45.342,06 16 2014 21:24:45.342
06 16 2014 21:14:13.799,06 16 2014 21:14:13.804,06 16 2014 21:24:45.374,06 16 2014 21:24:45.374
06 16 2014 21:14:13.846,06 16 2014 21:14:13.851,06 16 2014 21:24:45.424,06 16 2014 21:24:45.424
06 16 2014 21:14:13.883,06 16 2014 21:14:13.890,06 16 2014 21:24:45.460,06 16 2014 21:24:45.460
06 16 2014 21:14:13.909,06 16 2014 21:14:13.914,06 16 2014 21:24:45.484,06 16 2014 21:24:45.484
06 16 2014 21:14:13.943,06 16 2014 21:14:13.950,06 16 2014 21:24:45.520,06 16 2014 21:24:45.520
06 16 2014 21:14:13.973,06 16 2014 21:14:13.978,06 16 2014 21:24:45.548,06 16 2014 21:24:45.548
06 16 2014 21:14:14.008,06 16 2014 21:14:14.015,06 16 2014 21:24:45.585,06 16 2014 21:24:45.586
06 16 2014 21:14:14.037,06 16 2014 21:14:14.044,06 16 2014 21:24:45.614,06 16 2014 21:24:45.615
06 16 2014 21:14:14.069,06 16 2014 21:14:14.075,06 16 2014 21:24:45.647,06 16 2014 21:24:45.648
06 16 2014 21:14:14.104,06 16 2014 21:14:14.109,06 16 2014 21:24:45.679,06 16 2014 21:24:45.679
06 16 2014 21:14:14.132,06 16 2014 21:14:14.137,06 16 2014 21:24:45.708,06 16 2014 21:24:45.708
06 16 2014 21:14:14.167,06 16 2014 21:14:14.174,06 16 2014 21:24:45.744,06 16 2014 21:24:45.744
06 16 2014 21:14:14.198,06 16 2014 21:14:14.203,06 16 2014 21:24:45.773,06 16 2014 21:24:45.773
06 16 2014 21:14:14.247,06 16 2014 21:14:14.254,06 16 2014 21:24:45.824,06 16 2014 21:24:45.824
06 16 2014 21:14:14.279,06 16 2014 21:14:14.286,06 16 2014 21:24:45.859,06 16 2014 21:24:45.859
06 16 2014 21:14:14.309,06 16 2014 21:14:14.314,06 16 2014 21:24:45.884,06 16 2014 21:24:45.884
06 16 2014 21:14:14.343,06 16 2014 21:14:14.349,06 16 2014 21:24:45.919,06 16 2014 21:24:45.919
06 16 2014 21:14:14.377,06 16 2014 21:14:14.384,06 16 2014 21:24:45.954,06 16 2014 21:24:45.954
06 16 2014 21:14:14.405,06 16 2014 21:14:14.410,06 16 2014 21:24:45.980,06 16 2014 21:24:45.981
06 16 2014 21:14:14.437,06 16 2014 21:14:14.442,06 16 2014 21:24:46.013,06 16 2014 21:24:46.013
06 16 2014 21:14:14.469,06 16 2014 21:14:14.474,06 16 2014 21:24:46.044,06 16 2014 21:24:46.044
06 16 2014 21:14:14.505,06 16 2014 21:14:14.511,06 16 2014 21:24:46.082,06 16 2014 21:24:46.083
06 16 2014 21:14:14.533,06 16 2014 21:14:14.539,06 16 2014 21:24:46.109,06 16 2014 21:24:46.109
