06 16 2014 21:21:34.285,06 16 2014 21:21:34.289,06 16 2014 21:32:05.886,06 16 2014 21:32:05.886
06 16 2014 21:21:37.324,06 16 2014 21:21:37.329,06 16 2014 21:32:08.925,06 16 2014 21:32:08.925
06 16 2014 21:21:45.132,06 16 2014 21:21:45.139,06 16 2014 21:32:16.733,06 16 2014 21:32:16.733
06 16 2014 21:21:54.475,06 16 2014 21:21:54.481,06 16 2014 21:32:26.078,06 16 2014 21:32:26.078
06 16 2014 21:21:55.405,06 16 2014 21:21:55.412,06 16 2014 21:32:27.006,06 16 2014 21:32:27.006
06 16 2014 21:22:00.271,06 16 2014 21:22:00.278,06 16 2014 21:32:31.872,06 16 2014 21:32:31.872
06 16 2014 21:22:02.812,06 16 2014 21:22:02.817,06 16 2014 21:32:34.411,06 16 2014 21:32:34.412
06 16 2014 21:22:03.051,06 16 2014 21:22:03.058,06 16 2014 21:32:34.652,06 16 2014 21:32:34.652
06 16 2014 21:22:05.180,06 16 2014 21:22:05.185,06 16 2014 21:32:36.780,06 16 2014 21:32:36.780
06 16 2014 21:22:14.622,06 16 2014 21:22:14.627,06 16 2014 21:32:46.223,06 16 2014 21:32:46.223
06 16 2014 21:22:18.955,06 16 2014 21:22:18.961,06 16 2014 21:32:50.556,06 16 2014 21:32:50.556
